0.00 67 2.00 
2.00 69 2.00 
0.00 81 2.00 
2.00 81 2.00 
0.00 69 2.00 
2.00 72 2.00 
4.00 67 2.00 
6.00 74 2.00 
4.00 71 4.00 
4.00 79 4.00 
8.00 77 1.00 
9.00 77 3.00 
8.00 72 1.00 
9.00 72 1.00 
10.00 72 2.00 
8.00 72 4.00 
12.00 76 2.00 
14.00 76 2.00 
12.00 76 2.00 
14.00 68 2.00 
12.00 68 2.00 
14.00 68 2.00 
16.00 76 2.00 
18.00 79 0.50 
18.50 79 0.50 
19.00 78 0.50 
19.50 72 0.50 
16.00 69 4.00 
16.00 69 2.00 
18.00 69 2.00 
20.00 74 1.00 
21.00 74 3.00 
20.00 79 2.00 
22.00 79 2.00 
20.00 79 2.00 
22.00 74 2.00 
24.00 65 2.00 
26.00 65 2.00 
24.00 65 2.00 
26.00 65 2.00 
24.00 77 1.00 
25.00 77 1.00 
26.00 77 2.00 
28.00 76 2.00 
30.00 76 2.00 
28.00 64 1.00 
29.00 71 3.00 
28.00 71 2.00 
30.00 76 2.00 
32.00 72 4.00 
32.00 69 4.00 
32.00 81 2.00 
34.00 76 2.00 
36.00 67 2.00 
38.00 71 2.00 
36.00 67 2.00 
38.00 67 2.00 
36.00 74 4.00 
40.00 77 2.00 
42.00 72 2.00 
40.00 77 2.00 
42.00 72 2.00 
40.00 65 4.00 
44.00 64 2.00 
46.00 64 2.00 
44.00 68 4.00 
44.00 71 2.00 
46.00 68 2.00 
48.00 76 2.00 
50.00 76 2.00 
48.00 76 2.00 
50.00 76 2.00 
48.00 72 0.50 
48.50 72 0.50 
49.00 72 3.00 
52.00 67 1.00 
53.00 64 1.00 
54.00 74 2.00 
52.00 79 1.00 
53.00 79 3.00 
52.00 74 2.00 
54.00 71 2.00 
56.00 69 2.00 
58.00 69 2.00 
56.00 77 0.50 
56.50 74 0.50 
57.00 69 3.00 
56.00 77 4.00 
60.00 71 1.00 
61.00 68 3.00 
60.00 71 4.00 
60.00 68 2.00 
62.00 64 2.00 
